873 469 0 10000 14
214 359 0 10000 4
852 352 0 10000 19
4247 379 0 10000 89
757406 3015 0 10000 2009
1322 274 0 10000 38
1996 323 0 10000 49
9086 342 0 10000 212
3093232 4607 0 10000 5371
1194299 1506 0 10000 6344
154685 499 0 10000 2479
318570 642 0 10000 3969
144261 459 0 10000 2514
440 370 0 10000 9
743 321 0 10000 18
356 355 0 10000 8
164910253 219346 0 10000 6014
1089 2053 0 10000 4
941 1572 0 10000 4
197 553 0 10000 2
23036516 42178 0 10000 4369
161532 2737 0 10000 472
325 667 0 10000 3
2002 702 0 10000 22
725 944 0 10000 6
409 775 0 10000 4
754 442 0 10000 13
65157885 110827 0 10000 4703
1786 819 0 10000 17
180 774 0 10000 1
305 695 0 10000 3
193 813 0 10000 1
3048 719 0 10000 33
2815 542 0 10000 41
136703 1297 0 10000 843
1915 748 0 10000 20
215 679 0 10000 2
244 782 0 10000 2
12093 440 0 10000 219
2079 477 0 10000 34
950 205 0 10000 37
3139935 3062 0 10000 8203
2901 267 0 10000 86
914 292 0 10000 25
375173 637 0 10000 4711
1345 317 0 10000 33
180 364 0 10000 3
186 346 0 10000 4
205 367 0 10000 4
209 326 0 10000 5
3799 294 0 10000 103
203 381 0 10000 4
1643 351 0 10000 37
5032 364 0 10000 110
2000 354 0 10000 45
1069803 1338 0 10000 6396
307234 641 0 10000 3834
723 301 0 10000 19
180 278 0 10000 5
844 341 0 10000 19
9885 356 0 10000 222
34648 447 0 10000 620
1066 347 0 10000 24
1847 390 0 10000 37
3080 364 0 10000 67
897559 1126 0 10000 6376
470 334 0 10000 11
250935 585 0 10000 3431
2767 293 0 10000 75
1074 320 0 10000 26
2316 343 0 10000 54
1229 379 0 10000 25
103882 470 0 10000 1768
210052 530 0 10000 3170
647 501 0 10000 10
985 309 0 10000 25
4271 241 0 10000 141
381 380 0 10000 8
490 361 0 10000 10
171625 543 0 10000 2528
243581 597 0 10000 3264
1819 317 0 10000 45
180 332 0 10000 4
82470 401 0 10000 1645
1071 334 0 10000 25
180 387 0 10000 3
853 372 0 10000 18
215 317 0 10000 5
754278 1010 0 10000 5974
180 316 0 10000 4
211 306 0 10000 5
214 309 0 10000 5
1029 371 0 10000 22
212 362 0 10000 4
3064 343 0 10000 71
1204 378 0 10000 25
4781 352 0 10000 108
1139 378 0 10000 24
1328 369 0 10000 28
590 386 0 10000 12
