6682 786 0 1000 68
2364 743 0 1000 25
2704 436 0 1000 49
261 409 0 1000 5
1044 403 0 1000 20
1058 455 0 1000 18
1044 482 0 1000 17
251 454 0 1000 4
27671331 245766 0 1000 900
946058 37892 0 1000 199
1170 5550 0 1000 1
4542 643 0 1000 56
980 536 0 1000 14
2802 453 0 1000 49
1292 526 0 1000 19
180 495 0 1000 2
4090 490 0 1000 66
4892 475 0 1000 82
935 459 0 1000 16
13699638 117920 0 1000 929
180 1616 0 1000 0
180 627 0 1000 2
480 446 0 1000 8
209 470 0 1000 3
604 525 0 1000 9
448 388 0 1000 9
1672 456 0 1000 29
202 444 0 1000 3
385 457 0 1000 6
180 484 0 1000 2
1450 466 0 1000 24
786073609 6848128 0 1000 291
180 4917 0 1000 0
180 6237 0 1000 0
1469 4629 0 1000 2
5180 4309 0 1000 9
2509 4871 0 1000 4
180 5068 0 1000 0
180 4656 0 1000 0
1010 4556 0 1000 1
180 5314 0 1000 0
224836 12710 0 1000 141
781 4694 0 1000 1
306010 16683 0 1000 146
6681 4210 0 1000 12
800 5945 0 1000 1
180 5674 0 1000 0
1063 6573 0 1000 1
180 4399 0 1000 0
5225342 115688 0 1000 361
978 4424 0 1000 1
1447 4869 0 1000 2
180 5320 0 1000 0
289924 11267 0 1000 205
180 5758 0 1000 0
2209 6395 0 1000 2
6630 3510 0 1000 15
192 5487 0 1000 0
155779 8195 0 1000 152
8134 4139 0 1000 15
180 4830 0 1000 0
79634255 798245 0 1000 798
7666 4163 0 1000 14
925 694 0 1000 10
1043 548 0 1000 15
817 508 0 1000 12
3003 598 0 1000 40
318 707 0 1000 3
2766 414 0 1000 53
610 431 0 1000 11
210 493 0 1000 3
98541736 838909 0 1000 939
874 2135 0 1000 3
1517 3111 0 1000 3
202 3112 0 1000 0
187 3266 0 1000 0
678 720 0 1000 7
182 468 0 1000 3
906 443 0 1000 16
4406 514 0 1000 68
204 478 0 1000 3
37785583 321897 0 1000 939
2562 1235 0 1000 16
8318 2211 0 1000 30
909 1827 0 1000 3
214 917 0 1000 1
212 511 0 1000 3
1578 455 0 1000 27
8284 463 0 1000 143
1138 889 0 1000 10
192 528 0 1000 2
3086 443 0 1000 55
180 436 0 1000 3
4324 468 0 1000 73
236980 2834 0 1000 668
2435 568 0 1000 34
182896 2088 0 1000 700
180 862 0 1000 1
1296 447 0 1000 23
2219624 19532 0 1000 909
